-9.990000 0.000000
-9.980000 0.000000
-9.970000 0.000000
-9.960000 0.000000
-9.950000 0.000000
-9.940000 0.000000
-9.930000 0.000000
-9.920000 0.000000
-9.910000 0.000000
-9.900000 0.000000
-9.890000 0.000000
-9.880000 0.000000
-9.870000 0.000000
-9.860000 0.000000
-9.850000 0.000000
-9.840000 0.000000
-9.830000 0.000000
-9.820000 0.000000
-9.810000 0.000000
-9.800000 0.000000
-9.790000 0.000000
-9.780000 0.000000
-9.770000 0.000000
-9.760000 0.000000
-9.750000 0.000000
-9.740000 0.000000
-9.730000 0.000000
-9.720000 0.000000
-9.710000 0.000000
-9.700000 0.000000
-9.690000 0.000000
-9.680000 0.000000
-9.670000 0.000000
-9.660000 0.000000
-9.650000 0.000000
-9.640000 0.000000
-9.630000 0.000000
-9.620000 0.000000
-9.610000 0.000000
-9.600000 0.000000
-9.590000 0.000000
-9.580000 0.000000
-9.570000 0.000000
-9.560000 0.000000
-9.550000 0.000000
-9.540000 0.000000
-9.530000 0.000000
-9.520000 0.000000
-9.510000 0.000000
-9.500000 0.000000
-9.490000 0.000000
-9.480000 0.000000
-9.470000 0.000000
-9.460000 0.000000
-9.450000 0.000000
-9.440000 0.000000
-9.430000 0.000000
-9.420000 0.000000
-9.410000 0.000000
-9.400000 0.000000
-9.390000 0.000000
-9.380000 0.000000
-9.370000 0.000000
-9.360000 0.000000
-9.350000 0.000000
-9.340000 0.000000
-9.330000 0.000000
-9.320000 0.000000
-9.310000 0.000000
-9.300000 0.000000
-9.290000 0.000000
-9.280000 0.000000
-9.270000 0.000000
-9.260000 0.000000
-9.250000 0.000000
-9.240000 0.000000
-9.230000 0.000000
-9.220000 0.000000
-9.210000 0.000000
-9.200000 0.000000
-9.190000 0.000000
-9.180000 0.000000
-9.170000 0.000000
-9.160000 0.000000
-9.150000 0.000000
-9.140000 0.000000
-9.130000 0.000000
-9.120000 0.000000
-9.110000 0.000000
-9.100000 0.000000
-9.090000 0.000000
-9.080000 0.000000
-9.070000 0.000000
-9.060000 0.000001
-9.050000 0.000001
-9.040000 0.000001
-9.030000 0.000001
-9.020000 0.000001
-9.010000 0.000001
-9.000000 0.000001
-8.990000 0.000001
-8.980000 0.000001
-8.970000 0.000001
-8.960000 0.000001
-8.950000 0.000001
-8.940000 0.000001
-8.930000 0.000001
-8.920000 0.000001
-8.910000 0.000001
-8.900000 0.000001
-8.890000 0.000002
-8.880000 0.000002
-8.870000 0.000002
-8.860000 0.000002
-8.850000 0.000002
-8.840000 0.000002
-8.830000 0.000002
-8.820000 0.000002
-8.810000 0.000003
-8.800000 0.000004
-8.790000 0.000004
-8.780000 0.000004
-8.770000 0.000004
-8.760000 0.000004
-8.750000 0.000004
-8.740000 0.000005
-8.730000 0.000005
-8.720000 0.000005
-8.710000 0.000006
-8.700000 0.000007
-8.690000 0.000007
-8.680000 0.000007
-8.670000 0.000007
-8.660000 0.000007
-8.650000 0.000008
-8.640000 0.000008
-8.630000 0.000008
-8.620000 0.000009
-8.610000 0.000009
-8.600000 0.000009
-8.590000 0.000009
-8.580000 0.000009
-8.570000 0.000009
-8.560000 0.000009
-8.550000 0.000009
-8.540000 0.000009
-8.530000 0.000009
-8.520000 0.000009
-8.510000 0.000009
-8.500000 0.000009
-8.490000 0.000010
-8.480000 0.000011
-8.470000 0.000011
-8.460000 0.000011
-8.450000 0.000011
-8.440000 0.000011
-8.430000 0.000012
-8.420000 0.000012
-8.410000 0.000012
-8.400000 0.000012
-8.390000 0.000012
-8.380000 0.000014
-8.370000 0.000014
-8.360000 0.000014
-8.350000 0.000015
-8.340000 0.000015
-8.330000 0.000016
-8.320000 0.000016
-8.310000 0.000017
-8.300000 0.000017
-8.290000 0.000018
-8.280000 0.000019
-8.270000 0.000019
-8.260000 0.000019
-8.250000 0.000019
-8.240000 0.000019
-8.230000 0.000019
-8.220000 0.000019
-8.210000 0.000020
-8.200000 0.000020
-8.190000 0.000021
-8.180000 0.000022
-8.170000 0.000023
-8.160000 0.000024
-8.150000 0.000024
-8.140000 0.000024
-8.130000 0.000024
-8.120000 0.000024
-8.110000 0.000024
-8.100000 0.000024
-8.090000 0.000024
-8.080000 0.000025
-8.070000 0.000025
-8.060000 0.000025
-8.050000 0.000025
-8.040000 0.000027
-8.030000 0.000028
-8.020000 0.000028
-8.010000 0.000028
-8.000000 0.000028
-7.990000 0.000029
-7.980000 0.000031
-7.970000 0.000031
-7.960000 0.000032
-7.950000 0.000032
-7.940000 0.000032
-7.930000 0.000033
-7.920000 0.000033
-7.910000 0.000033
-7.900000 0.000034
-7.890000 0.000035
-7.880000 0.000036
-7.870000 0.000037
-7.860000 0.000041
-7.850000 0.000041
-7.840000 0.000041
-7.830000 0.000043
-7.820000 0.000043
-7.810000 0.000043
-7.800000 0.000044
-7.790000 0.000044
-7.780000 0.000047
-7.770000 0.000048
-7.760000 0.000053
-7.750000 0.000053
-7.740000 0.000055
-7.730000 0.000056
-7.720000 0.000056
-7.710000 0.000056
-7.700000 0.000057
-7.690000 0.000057
-7.680000 0.000057
-7.670000 0.000057
-7.660000 0.000058
-7.650000 0.000058
-7.640000 0.000059
-7.630000 0.000060
-7.620000 0.000060
-7.610000 0.000060
-7.600000 0.000061
-7.590000 0.000065
-7.580000 0.000067
-7.570000 0.000068
-7.560000 0.000069
-7.550000 0.000070
-7.540000 0.000072
-7.530000 0.000074
-7.520000 0.000074
-7.510000 0.000078
-7.500000 0.000078
-7.490000 0.000083
-7.480000 0.000088
-7.470000 0.000093
-7.460000 0.000095
-7.450000 0.000098
-7.440000 0.000102
-7.430000 0.000103
-7.420000 0.000107
-7.410000 0.000110
-7.400000 0.000112
-7.390000 0.000115
-7.380000 0.000117
-7.370000 0.000119
-7.360000 0.000121
-7.350000 0.000126
-7.340000 0.000129
-7.330000 0.000132
-7.320000 0.000134
-7.310000 0.000135
-7.300000 0.000135
-7.290000 0.000137
-7.280000 0.000140
-7.270000 0.000145
-7.260000 0.000148
-7.250000 0.000151
-7.240000 0.000154
-7.230000 0.000158
-7.220000 0.000162
-7.210000 0.000167
-7.200000 0.000173
-7.190000 0.000175
-7.180000 0.000177
-7.170000 0.000180
-7.160000 0.000183
-7.150000 0.000183
-7.140000 0.000188
-7.130000 0.000194
-7.120000 0.000195
-7.110000 0.000198
-7.100000 0.000200
-7.090000 0.000204
-7.080000 0.000208
-7.070000 0.000210
-7.060000 0.000212
-7.050000 0.000215
-7.040000 0.000220
-7.030000 0.000228
-7.020000 0.000234
-7.010000 0.000238
-7.000000 0.000245
-6.990000 0.000254
-6.980000 0.000259
-6.970000 0.000263
-6.960000 0.000266
-6.950000 0.000269
-6.940000 0.000275
-6.930000 0.000278
-6.920000 0.000285
-6.910000 0.000292
-6.900000 0.000297
-6.890000 0.000302
-6.880000 0.000308
-6.870000 0.000312
-6.860000 0.000315
-6.850000 0.000321
-6.840000 0.000327
-6.830000 0.000333
-6.820000 0.000342
-6.810000 0.000349
-6.800000 0.000354
-6.790000 0.000366
-6.780000 0.000374
-6.770000 0.000387
-6.760000 0.000397
-6.750000 0.000409
-6.740000 0.000417
-6.730000 0.000421
-6.720000 0.000421
-6.710000 0.000428
-6.700000 0.000437
-6.690000 0.000444
-6.680000 0.000454
-6.670000 0.000464
-6.660000 0.000473
-6.650000 0.000479
-6.640000 0.000488
-6.630000 0.000500
-6.620000 0.000508
-6.610000 0.000515
-6.600000 0.000523
-6.590000 0.000532
-6.580000 0.000535
-6.570000 0.000550
-6.560000 0.000565
-6.550000 0.000573
-6.540000 0.000588
-6.530000 0.000597
-6.520000 0.000607
-6.510000 0.000616
-6.500000 0.000627
-6.490000 0.000635
-6.480000 0.000641
-6.470000 0.000650
-6.460000 0.000662
-6.450000 0.000674
-6.440000 0.000684
-6.430000 0.000694
-6.420000 0.000705
-6.410000 0.000715
-6.400000 0.000722
-6.390000 0.000738
-6.380000 0.000749
-6.370000 0.000762
-6.360000 0.000777
-6.350000 0.000794
-6.340000 0.000808
-6.330000 0.000822
-6.320000 0.000832
-6.310000 0.000853
-6.300000 0.000862
-6.290000 0.000872
-6.280000 0.000890
-6.270000 0.000898
-6.260000 0.000909
-6.250000 0.000923
-6.240000 0.000945
-6.230000 0.000962
-6.220000 0.000980
-6.210000 0.000995
-6.200000 0.001010
-6.190000 0.001027
-6.180000 0.001047
-6.170000 0.001062
-6.160000 0.001079
-6.150000 0.001098
-6.140000 0.001115
-6.130000 0.001133
-6.120000 0.001149
-6.110000 0.001165
-6.100000 0.001178
-6.090000 0.001196
-6.080000 0.001216
-6.070000 0.001233
-6.060000 0.001250
-6.050000 0.001266
-6.040000 0.001287
-6.030000 0.001305
-6.020000 0.001320
-6.010000 0.001342
-6.000000 0.001364
-5.990000 0.001384
-5.980000 0.001401
-5.970000 0.001426
-5.960000 0.001462
-5.950000 0.001486
-5.940000 0.001507
-5.930000 0.001534
-5.920000 0.001563
-5.910000 0.001589
-5.900000 0.001625
-5.890000 0.001653
-5.880000 0.001691
-5.870000 0.001713
-5.860000 0.001740
-5.850000 0.001775
-5.840000 0.001795
-5.830000 0.001811
-5.820000 0.001846
-5.810000 0.001877
-5.800000 0.001913
-5.790000 0.001952
-5.780000 0.001971
-5.770000 0.001993
-5.760000 0.002029
-5.750000 0.002061
-5.740000 0.002096
-5.730000 0.002140
-5.720000 0.002169
-5.710000 0.002203
-5.700000 0.002234
-5.690000 0.002268
-5.680000 0.002302
-5.670000 0.002339
-5.660000 0.002378
-5.650000 0.002419
-5.640000 0.002458
-5.630000 0.002500
-5.620000 0.002535
-5.610000 0.002580
-5.600000 0.002618
-5.590000 0.002652
-5.580000 0.002693
-5.570000 0.002735
-5.560000 0.002780
-5.550000 0.002827
-5.540000 0.002873
-5.530000 0.002910
-5.520000 0.002966
-5.510000 0.002999
-5.500000 0.003049
-5.490000 0.003105
-5.480000 0.003150
-5.470000 0.003193
-5.460000 0.003250
-5.450000 0.003287
-5.440000 0.003336
-5.430000 0.003391
-5.420000 0.003444
-5.410000 0.003488
-5.400000 0.003533
-5.390000 0.003571
-5.380000 0.003627
-5.370000 0.003675
-5.360000 0.003729
-5.350000 0.003780
-5.340000 0.003840
-5.330000 0.003894
-5.320000 0.003953
-5.310000 0.004008
-5.300000 0.004064
-5.290000 0.004119
-5.280000 0.004170
-5.270000 0.004241
-5.260000 0.004309
-5.250000 0.004370
-5.240000 0.004440
-5.230000 0.004500
-5.220000 0.004561
-5.210000 0.004623
-5.200000 0.004694
-5.190000 0.004770
-5.180000 0.004839
-5.170000 0.004907
-5.160000 0.004976
-5.150000 0.005043
-5.140000 0.005121
-5.130000 0.005184
-5.120000 0.005253
-5.110000 0.005327
-5.100000 0.005415
-5.090000 0.005495
-5.080000 0.005573
-5.070000 0.005655
-5.060000 0.005736
-5.050000 0.005803
-5.040000 0.005897
-5.030000 0.005989
-5.020000 0.006066
-5.010000 0.006157
-5.000000 0.006238
-4.990000 0.006323
-4.980000 0.006401
-4.970000 0.006502
-4.960000 0.006575
-4.950000 0.006670
-4.940000 0.006754
-4.930000 0.006848
-4.920000 0.006951
-4.910000 0.007054
-4.900000 0.007151
-4.890000 0.007270
-4.880000 0.007365
-4.870000 0.007466
-4.860000 0.007583
-4.850000 0.007699
-4.840000 0.007798
-4.830000 0.007893
-4.820000 0.007997
-4.810000 0.008104
-4.800000 0.008217
-4.790000 0.008345
-4.780000 0.008459
-4.770000 0.008572
-4.760000 0.008725
-4.750000 0.008855
-4.740000 0.008971
-4.730000 0.009097
-4.720000 0.009228
-4.710000 0.009341
-4.700000 0.009467
-4.690000 0.009595
-4.680000 0.009728
-4.670000 0.009862
-4.660000 0.010010
-4.650000 0.010140
-4.640000 0.010292
-4.630000 0.010432
-4.620000 0.010579
-4.610000 0.010722
-4.600000 0.010853
-4.590000 0.010997
-4.580000 0.011127
-4.570000 0.011287
-4.560000 0.011432
-4.550000 0.011589
-4.540000 0.011732
-4.530000 0.011881
-4.520000 0.012054
-4.510000 0.012206
-4.500000 0.012362
-4.490000 0.012524
-4.480000 0.012709
-4.470000 0.012882
-4.460000 0.013048
-4.450000 0.013221
-4.440000 0.013413
-4.430000 0.013579
-4.420000 0.013749
-4.410000 0.013907
-4.400000 0.014077
-4.390000 0.014251
-4.380000 0.014448
-4.370000 0.014646
-4.360000 0.014843
-4.350000 0.015019
-4.340000 0.015215
-4.330000 0.015420
-4.320000 0.015610
-4.310000 0.015814
-4.300000 0.016046
-4.290000 0.016243
-4.280000 0.016442
-4.270000 0.016647
-4.260000 0.016837
-4.250000 0.017041
-4.240000 0.017254
-4.230000 0.017477
-4.220000 0.017702
-4.210000 0.017921
-4.200000 0.018140
-4.190000 0.018363
-4.180000 0.018595
-4.170000 0.018808
-4.160000 0.019022
-4.150000 0.019258
-4.140000 0.019510
-4.130000 0.019748
-4.120000 0.019965
-4.110000 0.020183
-4.100000 0.020396
-4.090000 0.020651
-4.080000 0.020896
-4.070000 0.021148
-4.060000 0.021407
-4.050000 0.021675
-4.040000 0.021936
-4.030000 0.022194
-4.020000 0.022479
-4.010000 0.022751
-4.000000 0.023015
-3.990000 0.023288
-3.980000 0.023592
-3.970000 0.023860
-3.960000 0.024129
-3.950000 0.024405
-3.940000 0.024696
-3.930000 0.024983
-3.920000 0.025283
-3.910000 0.025597
-3.900000 0.025877
-3.890000 0.026161
-3.880000 0.026447
-3.870000 0.026749
-3.860000 0.027053
-3.850000 0.027397
-3.840000 0.027696
-3.830000 0.028031
-3.820000 0.028346
-3.810000 0.028642
-3.800000 0.028963
-3.790000 0.029311
-3.780000 0.029632
-3.770000 0.029966
-3.760000 0.030304
-3.750000 0.030651
-3.740000 0.030976
-3.730000 0.031329
-3.720000 0.031700
-3.710000 0.032041
-3.700000 0.032395
-3.690000 0.032774
-3.680000 0.033158
-3.670000 0.033538
-3.660000 0.033963
-3.650000 0.034336
-3.640000 0.034714
-3.630000 0.035104
-3.620000 0.035483
-3.610000 0.035882
-3.600000 0.036248
-3.590000 0.036646
-3.580000 0.037053
-3.570000 0.037407
-3.560000 0.037828
-3.550000 0.038249
-3.540000 0.038679
-3.530000 0.039114
-3.520000 0.039512
-3.510000 0.039940
-3.500000 0.040351
-3.490000 0.040797
-3.480000 0.041240
-3.470000 0.041705
-3.460000 0.042135
-3.450000 0.042578
-3.440000 0.043049
-3.430000 0.043522
-3.420000 0.043975
-3.410000 0.044466
-3.400000 0.044922
-3.390000 0.045392
-3.380000 0.045923
-3.370000 0.046412
-3.360000 0.046928
-3.350000 0.047431
-3.340000 0.047915
-3.330000 0.048394
-3.320000 0.048903
-3.310000 0.049430
-3.300000 0.049966
-3.290000 0.050473
-3.280000 0.050981
-3.270000 0.051518
-3.260000 0.052022
-3.250000 0.052552
-3.240000 0.053053
-3.230000 0.053564
-3.220000 0.054109
-3.210000 0.054617
-3.200000 0.055204
-3.190000 0.055733
-3.180000 0.056283
-3.170000 0.056867
-3.160000 0.057422
-3.150000 0.058013
-3.140000 0.058536
-3.130000 0.059102
-3.120000 0.059698
-3.110000 0.060279
-3.100000 0.060886
-3.090000 0.061474
-3.080000 0.062086
-3.070000 0.062737
-3.060000 0.063413
-3.050000 0.064034
-3.040000 0.064680
-3.030000 0.065290
-3.020000 0.065900
-3.010000 0.066582
-3.000000 0.067251
-2.990000 0.067925
-2.980000 0.068611
-2.970000 0.069254
-2.960000 0.069912
-2.950000 0.070592
-2.940000 0.071251
-2.930000 0.071941
-2.920000 0.072631
-2.910000 0.073342
-2.900000 0.074000
-2.890000 0.074738
-2.880000 0.075454
-2.870000 0.076145
-2.860000 0.076851
-2.850000 0.077555
-2.840000 0.078253
-2.830000 0.079027
-2.820000 0.079745
-2.810000 0.080503
-2.800000 0.081238
-2.790000 0.081992
-2.780000 0.082756
-2.770000 0.083500
-2.760000 0.084315
-2.750000 0.085143
-2.740000 0.085892
-2.730000 0.086644
-2.720000 0.087431
-2.710000 0.088227
-2.700000 0.089030
-2.690000 0.089821
-2.680000 0.090639
-2.670000 0.091452
-2.660000 0.092283
-2.650000 0.093126
-2.640000 0.094000
-2.630000 0.094860
-2.620000 0.095670
-2.610000 0.096494
-2.600000 0.097329
-2.590000 0.098193
-2.580000 0.099082
-2.570000 0.100001
-2.560000 0.100898
-2.550000 0.101728
-2.540000 0.102623
-2.530000 0.103522
-2.520000 0.104413
-2.510000 0.105342
-2.500000 0.106268
-2.490000 0.107127
-2.480000 0.108025
-2.470000 0.109002
-2.460000 0.109985
-2.450000 0.110918
-2.440000 0.111874
-2.430000 0.112871
-2.420000 0.113820
-2.410000 0.114781
-2.400000 0.115753
-2.390000 0.116705
-2.380000 0.117722
-2.370000 0.118714
-2.360000 0.119682
-2.350000 0.120658
-2.340000 0.121648
-2.330000 0.122590
-2.320000 0.123596
-2.310000 0.124623
-2.300000 0.125695
-2.290000 0.126739
-2.280000 0.127783
-2.270000 0.128835
-2.260000 0.129930
-2.250000 0.131016
-2.240000 0.132096
-2.230000 0.133133
-2.220000 0.134229
-2.210000 0.135329
-2.200000 0.136390
-2.190000 0.137482
-2.180000 0.138536
-2.170000 0.139631
-2.160000 0.140776
-2.150000 0.141843
-2.140000 0.142973
-2.130000 0.144107
-2.120000 0.145274
-2.110000 0.146450
-2.100000 0.147547
-2.090000 0.148718
-2.080000 0.149863
-2.070000 0.151001
-2.060000 0.152167
-2.050000 0.153349
-2.040000 0.154551
-2.030000 0.155721
-2.020000 0.156935
-2.010000 0.158093
-2.000000 0.159296
-1.990000 0.160527
-1.980000 0.161719
-1.970000 0.162950
-1.960000 0.164155
-1.950000 0.165392
-1.940000 0.166654
-1.930000 0.167886
-1.920000 0.169175
-1.910000 0.170420
-1.900000 0.171704
-1.890000 0.172900
-1.880000 0.174212
-1.870000 0.175485
-1.860000 0.176783
-1.850000 0.178098
-1.840000 0.179410
-1.830000 0.180725
-1.820000 0.182077
-1.810000 0.183410
-1.800000 0.184769
-1.790000 0.186032
-1.780000 0.187368
-1.770000 0.188669
-1.760000 0.190062
-1.750000 0.191519
-1.740000 0.192876
-1.730000 0.194267
-1.720000 0.195646
-1.710000 0.197006
-1.700000 0.198450
-1.690000 0.199869
-1.680000 0.201176
-1.670000 0.202582
-1.660000 0.204013
-1.650000 0.205421
-1.640000 0.206853
-1.630000 0.208233
-1.620000 0.209658
-1.610000 0.211109
-1.600000 0.212558
-1.590000 0.214013
-1.580000 0.215505
-1.570000 0.217041
-1.560000 0.218478
-1.550000 0.220016
-1.540000 0.221508
-1.530000 0.222962
-1.520000 0.224437
-1.510000 0.225938
-1.500000 0.227426
-1.490000 0.228971
-1.480000 0.230486
-1.470000 0.231973
-1.460000 0.233538
-1.450000 0.235129
-1.440000 0.236650
-1.430000 0.238181
-1.420000 0.239671
-1.410000 0.241182
-1.400000 0.242714
-1.390000 0.244333
-1.380000 0.245832
-1.370000 0.247444
-1.360000 0.249022
-1.350000 0.250623
-1.340000 0.252236
-1.330000 0.253782
-1.320000 0.255299
-1.310000 0.256894
-1.300000 0.258499
-1.290000 0.260126
-1.280000 0.261706
-1.270000 0.263276
-1.260000 0.264945
-1.250000 0.266652
-1.240000 0.268358
-1.230000 0.269989
-1.220000 0.271612
-1.210000 0.273230
-1.200000 0.274882
-1.190000 0.276548
-1.180000 0.278229
-1.170000 0.279915
-1.160000 0.281624
-1.150000 0.283337
-1.140000 0.285004
-1.130000 0.286714
-1.120000 0.288434
-1.110000 0.290113
-1.100000 0.291835
-1.090000 0.293553
-1.080000 0.295210
-1.070000 0.296900
-1.060000 0.298549
-1.050000 0.300298
-1.040000 0.302030
-1.030000 0.303758
-1.020000 0.305478
-1.010000 0.307228
-1.000000 0.308974
-0.990000 0.310758
-0.980000 0.312486
-0.970000 0.314291
-0.960000 0.316038
-0.950000 0.317813
-0.940000 0.319600
-0.930000 0.321380
-0.920000 0.323239
-0.910000 0.325041
-0.900000 0.326818
-0.890000 0.328626
-0.880000 0.330446
-0.870000 0.332214
-0.860000 0.334001
-0.850000 0.335796
-0.840000 0.337599
-0.830000 0.339442
-0.820000 0.341307
-0.810000 0.343149
-0.800000 0.344985
-0.790000 0.346837
-0.780000 0.348683
-0.770000 0.350486
-0.760000 0.352308
-0.750000 0.354190
-0.740000 0.356050
-0.730000 0.357865
-0.720000 0.359762
-0.710000 0.361613
-0.700000 0.363481
-0.690000 0.365341
-0.680000 0.367202
-0.670000 0.369083
-0.660000 0.370927
-0.650000 0.372806
-0.640000 0.374674
-0.630000 0.376616
-0.620000 0.378570
-0.610000 0.380471
-0.600000 0.382344
-0.590000 0.384293
-0.580000 0.386184
-0.570000 0.387967
-0.560000 0.389861
-0.550000 0.391802
-0.540000 0.393748
-0.530000 0.395721
-0.520000 0.397625
-0.510000 0.399574
-0.500000 0.401523
-0.490000 0.403393
-0.480000 0.405381
-0.470000 0.407282
-0.460000 0.409180
-0.450000 0.411155
-0.440000 0.413180
-0.430000 0.415128
-0.420000 0.417120
-0.410000 0.419134
-0.400000 0.421112
-0.390000 0.422971
-0.380000 0.424914
-0.370000 0.426853
-0.360000 0.428833
-0.350000 0.430869
-0.340000 0.432838
-0.330000 0.434804
-0.320000 0.436776
-0.310000 0.438693
-0.300000 0.440637
-0.290000 0.442597
-0.280000 0.444542
-0.270000 0.446520
-0.260000 0.448448
-0.250000 0.450411
-0.240000 0.452488
-0.230000 0.454493
-0.220000 0.456449
-0.210000 0.458413
-0.200000 0.460440
-0.190000 0.462421
-0.180000 0.464432
-0.170000 0.466387
-0.160000 0.468345
-0.150000 0.470283
-0.140000 0.472263
-0.130000 0.474271
-0.120000 0.476370
-0.110000 0.478356
-0.100000 0.480389
-0.090000 0.482353
-0.080000 0.484431
-0.070000 0.486366
-0.060000 0.488360
-0.050000 0.490309
-0.040000 0.492307
-0.030000 0.494298
-0.020000 0.496348
-0.010000 0.498325
0.000000 0.500378
0.010000 0.502313
0.020000 0.504304
0.030000 0.506233
0.040000 0.508263
0.050000 0.510248
0.060000 0.512311
0.070000 0.514307
0.080000 0.516258
0.090000 0.518261
0.100000 0.520271
0.110000 0.522277
0.120000 0.524274
0.130000 0.526181
0.140000 0.528147
0.150000 0.530111
0.160000 0.532138
0.170000 0.534144
0.180000 0.536137
0.190000 0.538193
0.200000 0.540190
0.210000 0.542181
0.220000 0.544130
0.230000 0.546083
0.240000 0.548103
0.250000 0.550116
0.260000 0.552058
0.270000 0.554002
0.280000 0.555930
0.290000 0.557926
0.300000 0.559917
0.310000 0.561878
0.320000 0.563795
0.330000 0.565820
0.340000 0.567815
0.350000 0.569784
0.360000 0.571760
0.370000 0.573786
0.380000 0.575764
0.390000 0.577656
0.400000 0.579650
0.410000 0.581573
0.420000 0.583536
0.430000 0.585436
0.440000 0.587378
0.450000 0.589285
0.460000 0.591254
0.470000 0.593180
0.480000 0.595061
0.490000 0.597045
0.500000 0.599054
0.510000 0.601026
0.520000 0.603041
0.530000 0.605034
0.540000 0.606968
0.550000 0.608894
0.560000 0.610844
0.570000 0.612814
0.580000 0.614785
0.590000 0.616563
0.600000 0.618537
0.610000 0.620450
0.620000 0.622338
0.630000 0.624205
0.640000 0.626091
0.650000 0.627929
0.660000 0.629899
0.670000 0.631825
0.680000 0.633711
0.690000 0.635615
0.700000 0.637458
0.710000 0.639345
0.720000 0.641195
0.730000 0.643036
0.740000 0.644856
0.750000 0.646692
0.760000 0.648546
0.770000 0.650401
0.780000 0.652260
0.790000 0.654037
0.800000 0.655900
0.810000 0.657780
0.820000 0.659577
0.830000 0.661361
0.840000 0.663192
0.850000 0.665021
0.860000 0.666839
0.870000 0.668654
0.880000 0.670464
0.890000 0.672282
0.900000 0.673989
0.910000 0.675881
0.920000 0.677663
0.930000 0.679436
0.940000 0.681206
0.950000 0.683009
0.960000 0.684851
0.970000 0.686689
0.980000 0.688445
0.990000 0.690237
1.000000 0.692013
1.010000 0.693799
1.020000 0.695552
1.030000 0.697298
1.040000 0.698978
1.050000 0.700734
1.060000 0.702487
1.070000 0.704242
1.080000 0.705993
1.090000 0.707733
1.100000 0.709442
1.110000 0.711140
1.120000 0.712828
1.130000 0.714572
1.140000 0.716310
1.150000 0.717982
1.160000 0.719614
1.170000 0.721283
1.180000 0.722864
1.190000 0.724621
1.200000 0.726373
1.210000 0.728099
1.220000 0.729723
1.230000 0.731423
1.240000 0.733087
1.250000 0.734757
1.260000 0.736439
1.270000 0.738067
1.280000 0.739673
1.290000 0.741269
1.300000 0.742854
1.310000 0.744448
1.320000 0.746103
1.330000 0.747726
1.340000 0.749314
1.350000 0.750914
1.360000 0.752470
1.370000 0.754081
1.380000 0.755616
1.390000 0.757168
1.400000 0.758724
1.410000 0.760278
1.420000 0.761858
1.430000 0.763287
1.440000 0.764814
1.450000 0.766374
1.460000 0.767886
1.470000 0.769465
1.480000 0.770981
1.490000 0.772505
1.500000 0.774051
1.510000 0.775511
1.520000 0.777088
1.530000 0.778570
1.540000 0.779990
1.550000 0.781515
1.560000 0.782968
1.570000 0.784421
1.580000 0.785867
1.590000 0.787303
1.600000 0.788820
1.610000 0.790229
1.620000 0.791687
1.630000 0.793066
1.640000 0.794479
1.650000 0.795884
1.660000 0.797282
1.670000 0.798697
1.680000 0.800128
1.690000 0.801497
1.700000 0.802871
1.710000 0.804223
1.720000 0.805603
1.730000 0.807002
1.740000 0.808378
1.750000 0.809779
1.760000 0.811144
1.770000 0.812523
1.780000 0.813914
1.790000 0.815308
1.800000 0.816625
1.810000 0.817936
1.820000 0.819210
1.830000 0.820511
1.840000 0.821809
1.850000 0.823079
1.860000 0.824369
1.870000 0.825682
1.880000 0.826941
1.890000 0.828200
1.900000 0.829472
1.910000 0.830756
1.920000 0.832028
1.930000 0.833336
1.940000 0.834610
1.950000 0.835871
1.960000 0.837067
1.970000 0.838287
1.980000 0.839539
1.990000 0.840669
2.000000 0.841921
2.010000 0.843130
2.020000 0.844351
2.030000 0.845530
2.040000 0.846697
2.050000 0.847830
2.060000 0.849005
2.070000 0.850176
2.080000 0.851331
2.090000 0.852500
2.100000 0.853608
2.110000 0.854740
2.120000 0.855838
2.130000 0.856985
2.140000 0.858114
2.150000 0.859227
2.160000 0.860365
2.170000 0.861519
2.180000 0.862601
2.190000 0.863698
2.200000 0.864792
2.210000 0.865854
2.220000 0.866895
2.230000 0.867974
2.240000 0.869081
2.250000 0.870163
2.260000 0.871221
2.270000 0.872259
2.280000 0.873364
2.290000 0.874365
2.300000 0.875375
2.310000 0.876432
2.320000 0.877407
2.330000 0.878384
2.340000 0.879371
2.350000 0.880411
2.360000 0.881432
2.370000 0.882429
2.380000 0.883432
2.390000 0.884403
2.400000 0.885394
2.410000 0.886316
2.420000 0.887195
2.430000 0.888168
2.440000 0.889110
2.450000 0.890116
2.460000 0.891056
2.470000 0.892030
2.480000 0.892942
2.490000 0.893842
2.500000 0.894753
2.510000 0.895611
2.520000 0.896512
2.530000 0.897434
2.540000 0.898317
2.550000 0.899215
2.560000 0.900030
2.570000 0.900905
2.580000 0.901779
2.590000 0.902674
2.600000 0.903510
2.610000 0.904326
2.620000 0.905173
2.630000 0.906030
2.640000 0.906852
2.650000 0.907720
2.660000 0.908589
2.670000 0.909423
2.680000 0.910234
2.690000 0.911091
2.700000 0.911881
2.710000 0.912687
2.720000 0.913461
2.730000 0.914245
2.740000 0.915060
2.750000 0.915827
2.760000 0.916614
2.770000 0.917346
2.780000 0.918078
2.790000 0.918851
2.800000 0.919665
2.810000 0.920365
2.820000 0.921068
2.830000 0.921791
2.840000 0.922477
2.850000 0.923197
2.860000 0.923879
2.870000 0.924553
2.880000 0.925277
2.890000 0.925963
2.900000 0.926647
2.910000 0.927359
2.920000 0.928059
2.930000 0.928757
2.940000 0.929464
2.950000 0.930110
2.960000 0.930780
2.970000 0.931408
2.980000 0.932046
2.990000 0.932710
3.000000 0.933384
3.010000 0.934046
3.020000 0.934691
3.030000 0.935297
3.040000 0.935937
3.050000 0.936557
3.060000 0.937169
3.070000 0.937775
3.080000 0.938414
3.090000 0.939078
3.100000 0.939694
3.110000 0.940300
3.120000 0.940898
3.130000 0.941526
3.140000 0.942074
3.150000 0.942681
3.160000 0.943243
3.170000 0.943819
3.180000 0.944383
3.190000 0.944919
3.200000 0.945459
3.210000 0.945979
3.220000 0.946531
3.230000 0.947077
3.240000 0.947585
3.250000 0.948108
3.260000 0.948624
3.270000 0.949151
3.280000 0.949678
3.290000 0.950199
3.300000 0.950726
3.310000 0.951248
3.320000 0.951726
3.330000 0.952213
3.340000 0.952691
3.350000 0.953208
3.360000 0.953723
3.370000 0.954213
3.380000 0.954664
3.390000 0.955105
3.400000 0.955636
3.410000 0.956108
3.420000 0.956578
3.430000 0.957030
3.440000 0.957487
3.450000 0.957981
3.460000 0.958446
3.470000 0.958895
3.480000 0.959350
3.490000 0.959775
3.500000 0.960194
3.510000 0.960611
3.520000 0.961058
3.530000 0.961454
3.540000 0.961870
3.550000 0.962316
3.560000 0.962747
3.570000 0.963158
3.580000 0.963568
3.590000 0.963991
3.600000 0.964399
3.610000 0.964808
3.620000 0.965218
3.630000 0.965591
3.640000 0.965964
3.650000 0.966359
3.660000 0.966672
3.670000 0.967054
3.680000 0.967410
3.690000 0.967758
3.700000 0.968116
3.710000 0.968429
3.720000 0.968780
3.730000 0.969129
3.740000 0.969473
3.750000 0.969829
3.760000 0.970172
3.770000 0.970510
3.780000 0.970815
3.790000 0.971161
3.800000 0.971482
3.810000 0.971826
3.820000 0.972163
3.830000 0.972460
3.840000 0.972758
3.850000 0.973104
3.860000 0.973401
3.870000 0.973721
3.880000 0.974005
3.890000 0.974303
3.900000 0.974607
3.910000 0.974912
3.920000 0.975215
3.930000 0.975516
3.940000 0.975788
3.950000 0.976069
3.960000 0.976346
3.970000 0.976644
3.980000 0.976947
3.990000 0.977199
4.000000 0.977454
4.010000 0.977702
4.020000 0.977971
4.030000 0.978219
4.040000 0.978474
4.050000 0.978749
4.060000 0.979018
4.070000 0.979264
4.080000 0.979532
4.090000 0.979744
4.100000 0.979973
4.110000 0.980215
4.120000 0.980461
4.130000 0.980688
4.140000 0.980930
4.150000 0.981171
4.160000 0.981414
4.170000 0.981641
4.180000 0.981864
4.190000 0.982065
4.200000 0.982281
4.210000 0.982506
4.220000 0.982713
4.230000 0.982923
4.240000 0.983130
4.250000 0.983341
4.260000 0.983561
4.270000 0.983772
4.280000 0.983950
4.290000 0.984163
4.300000 0.984354
4.310000 0.984562
4.320000 0.984765
4.330000 0.984966
4.340000 0.985171
4.350000 0.985357
4.360000 0.985558
4.370000 0.985732
4.380000 0.985886
4.390000 0.986043
4.400000 0.986224
4.410000 0.986401
4.420000 0.986550
4.430000 0.986712
4.440000 0.986893
4.450000 0.987057
4.460000 0.987211
4.470000 0.987361
4.480000 0.987511
4.490000 0.987689
4.500000 0.987850
4.510000 0.988002
4.520000 0.988166
4.530000 0.988309
4.540000 0.988485
4.550000 0.988628
4.560000 0.988771
4.570000 0.988917
4.580000 0.989038
4.590000 0.989184
4.600000 0.989312
4.610000 0.989447
4.620000 0.989588
4.630000 0.989737
4.640000 0.989882
4.650000 0.990017
4.660000 0.990160
4.670000 0.990292
4.680000 0.990421
4.690000 0.990576
4.700000 0.990692
4.710000 0.990827
4.720000 0.990967
4.730000 0.991083
4.740000 0.991224
4.750000 0.991340
4.760000 0.991458
4.770000 0.991582
4.780000 0.991694
4.790000 0.991808
4.800000 0.991906
4.810000 0.991997
4.820000 0.992107
4.830000 0.992221
4.840000 0.992329
4.850000 0.992442
4.860000 0.992543
4.870000 0.992622
4.880000 0.992706
4.890000 0.992791
4.900000 0.992895
4.910000 0.992992
4.920000 0.993086
4.930000 0.993182
4.940000 0.993272
4.950000 0.993348
4.960000 0.993434
4.970000 0.993508
4.980000 0.993597
4.990000 0.993686
5.000000 0.993770
5.010000 0.993850
5.020000 0.993923
5.030000 0.994012
5.040000 0.994092
5.050000 0.994187
5.060000 0.994264
5.070000 0.994351
5.080000 0.994439
5.090000 0.994528
5.100000 0.994605
5.110000 0.994687
5.120000 0.994759
5.130000 0.994816
5.140000 0.994891
5.150000 0.994968
5.160000 0.995040
5.170000 0.995103
5.180000 0.995177
5.190000 0.995246
5.200000 0.995315
5.210000 0.995377
5.220000 0.995430
5.230000 0.995491
5.240000 0.995555
5.250000 0.995625
5.260000 0.995682
5.270000 0.995741
5.280000 0.995800
5.290000 0.995862
5.300000 0.995915
5.310000 0.995976
5.320000 0.996025
5.330000 0.996084
5.340000 0.996141
5.350000 0.996211
5.360000 0.996253
5.370000 0.996306
5.380000 0.996367
5.390000 0.996424
5.400000 0.996475
5.410000 0.996533
5.420000 0.996588
5.430000 0.996633
5.440000 0.996684
5.450000 0.996725
5.460000 0.996775
5.470000 0.996812
5.480000 0.996850
5.490000 0.996893
5.500000 0.996935
5.510000 0.996986
5.520000 0.997035
5.530000 0.997071
5.540000 0.997120
5.550000 0.997176
5.560000 0.997218
5.570000 0.997261
5.580000 0.997304
5.590000 0.997350
5.600000 0.997385
5.610000 0.997417
5.620000 0.997452
5.630000 0.997492
5.640000 0.997524
5.650000 0.997560
5.660000 0.997590
5.670000 0.997629
5.680000 0.997675
5.690000 0.997702
5.700000 0.997742
5.710000 0.997774
5.720000 0.997804
5.730000 0.997842
5.740000 0.997871
5.750000 0.997905
5.760000 0.997934
5.770000 0.997980
5.780000 0.997999
5.790000 0.998023
5.800000 0.998059
5.810000 0.998083
5.820000 0.998113
5.830000 0.998138
5.840000 0.998171
5.850000 0.998197
5.860000 0.998229
5.870000 0.998266
5.880000 0.998299
5.890000 0.998319
5.900000 0.998343
5.910000 0.998372
5.920000 0.998400
5.930000 0.998419
5.940000 0.998451
5.950000 0.998476
5.960000 0.998501
5.970000 0.998524
5.980000 0.998543
5.990000 0.998565
6.000000 0.998583
6.010000 0.998603
6.020000 0.998620
6.030000 0.998650
6.040000 0.998671
6.050000 0.998687
6.060000 0.998708
6.070000 0.998727
6.080000 0.998752
6.090000 0.998789
6.100000 0.998807
6.110000 0.998824
6.120000 0.998839
6.130000 0.998854
6.140000 0.998872
6.150000 0.998891
6.160000 0.998906
6.170000 0.998920
6.180000 0.998934
6.190000 0.998944
6.200000 0.998961
6.210000 0.998974
6.220000 0.998995
6.230000 0.999019
6.240000 0.999032
6.250000 0.999046
6.260000 0.999062
6.270000 0.999078
6.280000 0.999094
6.290000 0.999113
6.300000 0.999129
6.310000 0.999145
6.320000 0.999158
6.330000 0.999171
6.340000 0.999181
6.350000 0.999191
6.360000 0.999198
6.370000 0.999218
6.380000 0.999232
6.390000 0.999243
6.400000 0.999258
6.410000 0.999264
6.420000 0.999274
6.430000 0.999284
6.440000 0.999294
6.450000 0.999308
6.460000 0.999316
6.470000 0.999324
6.480000 0.999331
6.490000 0.999342
6.500000 0.999360
6.510000 0.999366
6.520000 0.999379
6.530000 0.999390
6.540000 0.999402
6.550000 0.999412
6.560000 0.999418
6.570000 0.999427
6.580000 0.999431
6.590000 0.999445
6.600000 0.999453
6.610000 0.999458
6.620000 0.999465
6.630000 0.999472
6.640000 0.999480
6.650000 0.999496
6.660000 0.999508
6.670000 0.999517
6.680000 0.999524
6.690000 0.999535
6.700000 0.999538
6.710000 0.999548
6.720000 0.999554
6.730000 0.999557
6.740000 0.999566
6.750000 0.999569
6.760000 0.999579
6.770000 0.999582
6.780000 0.999589
6.790000 0.999594
6.800000 0.999600
6.810000 0.999606
6.820000 0.999615
6.830000 0.999624
6.840000 0.999629
6.850000 0.999632
6.860000 0.999638
6.870000 0.999642
6.880000 0.999649
6.890000 0.999652
6.900000 0.999661
6.910000 0.999667
6.920000 0.999669
6.930000 0.999672
6.940000 0.999679
6.950000 0.999684
6.960000 0.999692
6.970000 0.999697
6.980000 0.999701
6.990000 0.999708
7.000000 0.999711
7.010000 0.999719
7.020000 0.999724
7.030000 0.999731
7.040000 0.999734
7.050000 0.999736
7.060000 0.999740
7.070000 0.999746
7.080000 0.999749
7.090000 0.999754
7.100000 0.999757
7.110000 0.999763
7.120000 0.999766
7.130000 0.999767
7.140000 0.999770
7.150000 0.999772
7.160000 0.999774
7.170000 0.999780
7.180000 0.999787
7.190000 0.999789
7.200000 0.999791
7.210000 0.999794
7.220000 0.999795
7.230000 0.999795
7.240000 0.999800
7.250000 0.999802
7.260000 0.999804
7.270000 0.999805
7.280000 0.999808
7.290000 0.999812
7.300000 0.999816
7.310000 0.999817
7.320000 0.999818
7.330000 0.999821
7.340000 0.999824
7.350000 0.999826
7.360000 0.999828
7.370000 0.999829
7.380000 0.999832
7.390000 0.999833
7.400000 0.999835
7.410000 0.999836
7.420000 0.999838
7.430000 0.999840
7.440000 0.999845
7.450000 0.999849
7.460000 0.999855
7.470000 0.999858
7.480000 0.999859
7.490000 0.999860
7.500000 0.999863
7.510000 0.999865
7.520000 0.999867
7.530000 0.999869
7.540000 0.999871
7.550000 0.999873
7.560000 0.999875
7.570000 0.999877
7.580000 0.999882
7.590000 0.999884
7.600000 0.999886
7.610000 0.999887
7.620000 0.999889
7.630000 0.999892
7.640000 0.999893
7.650000 0.999895
7.660000 0.999895
7.670000 0.999898
7.680000 0.999900
7.690000 0.999900
7.700000 0.999901
7.710000 0.999901
7.720000 0.999903
7.730000 0.999903
7.740000 0.999904
7.750000 0.999906
7.760000 0.999907
7.770000 0.999909
7.780000 0.999912
7.790000 0.999912
7.800000 0.999912
7.810000 0.999913
7.820000 0.999914
7.830000 0.999915
7.840000 0.999916
7.850000 0.999916
7.860000 0.999916
7.870000 0.999917
7.880000 0.999919
7.890000 0.999919
7.900000 0.999920
7.910000 0.999922
7.920000 0.999926
7.930000 0.999926
7.940000 0.999927
7.950000 0.999928
7.960000 0.999930
7.970000 0.999931
7.980000 0.999932
7.990000 0.999932
8.000000 0.999932
8.010000 0.999935
8.020000 0.999935
8.030000 0.999935
8.040000 0.999935
8.050000 0.999935
8.060000 0.999936
8.070000 0.999936
8.080000 0.999936
8.090000 0.999936
8.100000 0.999938
8.110000 0.999938
8.120000 0.999940
8.130000 0.999940
8.140000 0.999940
8.150000 0.999940
8.160000 0.999940
8.170000 0.999940
8.180000 0.999940
8.190000 0.999940
8.200000 0.999940
8.210000 0.999940
8.220000 0.999940
8.230000 0.999941
8.240000 0.999941
8.250000 0.999941
8.260000 0.999942
8.270000 0.999942
8.280000 0.999943
8.290000 0.999944
8.300000 0.999944
8.310000 0.999944
8.320000 0.999944
8.330000 0.999945
8.340000 0.999946
8.350000 0.999946
8.360000 0.999946
8.370000 0.999946
8.380000 0.999946
8.390000 0.999947
8.400000 0.999947
8.410000 0.999947
8.420000 0.999947
8.430000 0.999948
8.440000 0.999948
8.450000 0.999948
8.460000 0.999948
8.470000 0.999948
8.480000 0.999949
8.490000 0.999950
8.500000 0.999951
8.510000 0.999952
8.520000 0.999952
8.530000 0.999952
8.540000 0.999952
8.550000 0.999952
8.560000 0.999952
8.570000 0.999953
8.580000 0.999953
8.590000 0.999953
8.600000 0.999953
8.610000 0.999954
8.620000 0.999954
8.630000 0.999954
8.640000 0.999955
8.650000 0.999955
8.660000 0.999955
8.670000 0.999955
8.680000 0.999955
8.690000 0.999956
8.700000 0.999956
8.710000 0.999956
8.720000 0.999956
8.730000 0.999957
8.740000 0.999957
8.750000 0.999958
8.760000 0.999958
8.770000 0.999958
8.780000 0.999959
8.790000 0.999959
8.800000 0.999959
8.810000 0.999960
8.820000 0.999961
8.830000 0.999962
8.840000 0.999962
8.850000 0.999962
8.860000 0.999963
8.870000 0.999963
8.880000 0.999963
8.890000 0.999963
8.900000 0.999963
8.910000 0.999963
8.920000 0.999963
8.930000 0.999963
8.940000 0.999963
8.950000 0.999963
8.960000 0.999963
8.970000 0.999963
8.980000 0.999963
8.990000 0.999963
9.000000 0.999963
9.010000 0.999964
9.020000 0.999964
9.030000 0.999964
9.040000 0.999964
9.050000 0.999964
9.060000 0.999964
9.070000 0.999964
9.080000 0.999965
9.090000 0.999965
9.100000 0.999965
9.110000 0.999965
9.120000 0.999966
9.130000 0.999966
9.140000 0.999966
9.150000 0.999966
9.160000 0.999966
9.170000 0.999966
9.180000 0.999966
9.190000 0.999966
9.200000 0.999966
9.210000 0.999966
9.220000 0.999966
9.230000 0.999966
9.240000 0.999966
9.250000 0.999966
9.260000 0.999966
9.270000 0.999966
9.280000 0.999966
9.290000 0.999966
9.300000 0.999966
9.310000 0.999966
9.320000 0.999966
9.330000 0.999966
9.340000 0.999966
9.350000 0.999966
9.360000 0.999966
9.370000 0.999966
9.380000 0.999966
9.390000 0.999966
9.400000 0.999966
9.410000 0.999966
9.420000 0.999966
9.430000 0.999966
9.440000 0.999966
9.450000 0.999966
9.460000 0.999966
9.470000 0.999966
9.480000 0.999966
9.490000 0.999966
9.500000 0.999966
9.510000 0.999966
9.520000 0.999966
9.530000 0.999966
9.540000 0.999966
9.550000 0.999966
9.560000 0.999966
9.570000 0.999966
9.580000 0.999966
9.590000 0.999966
9.600000 0.999966
9.610000 0.999966
9.620000 0.999966
9.630000 0.999966
9.640000 0.999966
9.650000 0.999966
9.660000 0.999966
9.670000 0.999966
9.680000 0.999966
9.690000 0.999966
9.700000 0.999966
9.710000 0.999966
9.720000 0.999966
9.730000 0.999966
9.740000 0.999966
9.750000 0.999966
9.760000 0.999966
9.770000 0.999966
9.780000 0.999966
9.790000 0.999966
9.800000 0.999966
9.810000 0.999966
9.820000 0.999966
9.830000 0.999966
9.840000 0.999966
9.850000 0.999966
9.860000 0.999966
9.870000 0.999966
9.880000 0.999966
9.890000 0.999966
9.900000 0.999966
9.910000 0.999966
9.920000 0.999966
9.930000 0.999966
9.940000 0.999966
9.950000 0.999966
9.960000 0.999966
9.970000 0.999966
9.980000 0.999966
9.990000 0.999966
10.000000 0.999966
