#========================================#
# Iteration=1000000 
# mean=-nan(ind),variance=-nan(ind)
#========================================#
-9.990000 0.000000
-9.980000 0.000000
-9.970000 0.000000
-9.960000 0.000000
-9.950000 0.000000
-9.940000 0.000000
-9.930000 0.000000
-9.920000 0.000000
-9.910000 0.000000
-9.900000 0.000000
-9.890000 0.000000
-9.880000 0.000000
-9.870000 0.000000
-9.860000 0.000000
-9.850000 0.000000
-9.840000 0.000000
-9.830000 0.000000
-9.820000 0.000000
-9.810000 0.000000
-9.800000 0.000000
-9.790000 0.000000
-9.780000 0.000000
-9.770000 0.000000
-9.760000 0.000000
-9.750000 0.000000
-9.740000 0.000000
-9.730000 0.000000
-9.720000 0.000000
-9.710000 0.000000
-9.700000 0.000000
-9.690000 0.000000
-9.680000 0.000000
-9.670000 0.000000
-9.660000 0.000000
-9.650000 0.000000
-9.640000 0.000000
-9.630000 0.000000
-9.620000 0.000000
-9.610000 0.000000
-9.600000 0.000000
-9.590000 0.000000
-9.580000 0.000000
-9.570000 0.000000
-9.560000 0.000000
-9.550000 0.000000
-9.540000 0.000000
-9.530000 0.000000
-9.520000 0.000000
-9.510000 0.000000
-9.500000 0.000000
-9.490000 0.000000
-9.480000 0.000000
-9.470000 0.000000
-9.460000 0.000000
-9.450000 0.000000
-9.440000 0.000000
-9.430000 0.000000
-9.420000 0.000000
-9.410000 0.000000
-9.400000 0.000000
-9.390000 0.000000
-9.380000 0.000000
-9.370000 0.000000
-9.360000 0.000000
-9.350000 0.000000
-9.340000 0.000000
-9.330000 0.000000
-9.320000 0.000000
-9.310000 0.000000
-9.300000 0.000000
-9.290000 0.000000
-9.280000 0.000000
-9.270000 0.000000
-9.260000 0.000000
-9.250000 0.000000
-9.240000 0.000000
-9.230000 0.000000
-9.220000 0.000000
-9.210000 0.000000
-9.200000 0.000000
-9.190000 0.000000
-9.180000 0.000000
-9.170000 0.000000
-9.160000 0.000000
-9.150000 0.000000
-9.140000 0.000000
-9.130000 0.000000
-9.120000 0.000000
-9.110000 0.000000
-9.100000 0.000000
-9.090000 0.000000
-9.080000 0.000000
-9.070000 0.000000
-9.060000 0.000001
-9.050000 0.000000
-9.040000 0.000000
-9.030000 0.000000
-9.020000 0.000000
-9.010000 0.000000
-9.000000 0.000000
-8.990000 0.000000
-8.980000 0.000000
-8.970000 0.000000
-8.960000 0.000000
-8.950000 0.000000
-8.940000 0.000000
-8.930000 0.000000
-8.920000 0.000000
-8.910000 0.000000
-8.900000 0.000000
-8.890000 0.000001
-8.880000 0.000000
-8.870000 0.000000
-8.860000 0.000000
-8.850000 0.000000
-8.840000 0.000000
-8.830000 0.000000
-8.820000 0.000000
-8.810000 0.000001
-8.800000 0.000001
-8.790000 0.000000
-8.780000 0.000000
-8.770000 0.000000
-8.760000 0.000000
-8.750000 0.000000
-8.740000 0.000001
-8.730000 0.000000
-8.720000 0.000000
-8.710000 0.000001
-8.700000 0.000001
-8.690000 0.000000
-8.680000 0.000000
-8.670000 0.000000
-8.660000 0.000000
-8.650000 0.000001
-8.640000 0.000000
-8.630000 0.000000
-8.620000 0.000001
-8.610000 0.000000
-8.600000 0.000000
-8.590000 0.000000
-8.580000 0.000000
-8.570000 0.000000
-8.560000 0.000000
-8.550000 0.000000
-8.540000 0.000000
-8.530000 0.000000
-8.520000 0.000000
-8.510000 0.000000
-8.500000 0.000000
-8.490000 0.000001
-8.480000 0.000001
-8.470000 0.000000
-8.460000 0.000000
-8.450000 0.000000
-8.440000 0.000000
-8.430000 0.000001
-8.420000 0.000000
-8.410000 0.000000
-8.400000 0.000000
-8.390000 0.000000
-8.380000 0.000002
-8.370000 0.000000
-8.360000 0.000000
-8.350000 0.000001
-8.340000 0.000000
-8.330000 0.000001
-8.320000 0.000000
-8.310000 0.000001
-8.300000 0.000000
-8.290000 0.000001
-8.280000 0.000001
-8.270000 0.000000
-8.260000 0.000000
-8.250000 0.000000
-8.240000 0.000000
-8.230000 0.000000
-8.220000 0.000000
-8.210000 0.000001
-8.200000 0.000000
-8.190000 0.000001
-8.180000 0.000001
-8.170000 0.000001
-8.160000 0.000001
-8.150000 0.000000
-8.140000 0.000000
-8.130000 0.000000
-8.120000 0.000000
-8.110000 0.000000
-8.100000 0.000000
-8.090000 0.000000
-8.080000 0.000001
-8.070000 0.000000
-8.060000 0.000000
-8.050000 0.000000
-8.040000 0.000002
-8.030000 0.000001
-8.020000 0.000000
-8.010000 0.000000
-8.000000 0.000000
-7.990000 0.000001
-7.980000 0.000002
-7.970000 0.000000
-7.960000 0.000001
-7.950000 0.000000
-7.940000 0.000000
-7.930000 0.000001
-7.920000 0.000000
-7.910000 0.000000
-7.900000 0.000001
-7.890000 0.000001
-7.880000 0.000001
-7.870000 0.000001
-7.860000 0.000004
-7.850000 0.000000
-7.840000 0.000000
-7.830000 0.000002
-7.820000 0.000000
-7.810000 0.000000
-7.800000 0.000001
-7.790000 0.000000
-7.780000 0.000003
-7.770000 0.000001
-7.760000 0.000005
-7.750000 0.000000
-7.740000 0.000002
-7.730000 0.000001
-7.720000 0.000000
-7.710000 0.000000
-7.700000 0.000001
-7.690000 0.000000
-7.680000 0.000000
-7.670000 0.000000
-7.660000 0.000001
-7.650000 0.000000
-7.640000 0.000001
-7.630000 0.000001
-7.620000 0.000000
-7.610000 0.000000
-7.600000 0.000001
-7.590000 0.000004
-7.580000 0.000002
-7.570000 0.000001
-7.560000 0.000001
-7.550000 0.000001
-7.540000 0.000002
-7.530000 0.000002
-7.520000 0.000000
-7.510000 0.000004
-7.500000 0.000000
-7.490000 0.000005
-7.480000 0.000005
-7.470000 0.000005
-7.460000 0.000002
-7.450000 0.000003
-7.440000 0.000004
-7.430000 0.000001
-7.420000 0.000004
-7.410000 0.000003
-7.400000 0.000002
-7.390000 0.000003
-7.380000 0.000002
-7.370000 0.000002
-7.360000 0.000002
-7.350000 0.000005
-7.340000 0.000003
-7.330000 0.000003
-7.320000 0.000002
-7.310000 0.000001
-7.300000 0.000000
-7.290000 0.000002
-7.280000 0.000003
-7.270000 0.000005
-7.260000 0.000003
-7.250000 0.000003
-7.240000 0.000003
-7.230000 0.000004
-7.220000 0.000004
-7.210000 0.000005
-7.200000 0.000006
-7.190000 0.000002
-7.180000 0.000002
-7.170000 0.000003
-7.160000 0.000003
-7.150000 0.000000
-7.140000 0.000005
-7.130000 0.000006
-7.120000 0.000001
-7.110000 0.000003
-7.100000 0.000002
-7.090000 0.000004
-7.080000 0.000004
-7.070000 0.000002
-7.060000 0.000002
-7.050000 0.000003
-7.040000 0.000005
-7.030000 0.000008
-7.020000 0.000006
-7.010000 0.000004
-7.000000 0.000007
-6.990000 0.000009
-6.980000 0.000005
-6.970000 0.000004
-6.960000 0.000003
-6.950000 0.000003
-6.940000 0.000006
-6.930000 0.000003
-6.920000 0.000007
-6.910000 0.000007
-6.900000 0.000005
-6.890000 0.000005
-6.880000 0.000006
-6.870000 0.000004
-6.860000 0.000003
-6.850000 0.000006
-6.840000 0.000006
-6.830000 0.000006
-6.820000 0.000009
-6.810000 0.000007
-6.800000 0.000005
-6.790000 0.000012
-6.780000 0.000008
-6.770000 0.000013
-6.760000 0.000010
-6.750000 0.000012
-6.740000 0.000008
-6.730000 0.000004
-6.720000 0.000000
-6.710000 0.000007
-6.700000 0.000009
-6.690000 0.000007
-6.680000 0.000010
-6.670000 0.000010
-6.660000 0.000009
-6.650000 0.000006
-6.640000 0.000009
-6.630000 0.000012
-6.620000 0.000008
-6.610000 0.000007
-6.600000 0.000008
-6.590000 0.000009
-6.580000 0.000003
-6.570000 0.000015
-6.560000 0.000015
-6.550000 0.000008
-6.540000 0.000015
-6.530000 0.000009
-6.520000 0.000010
-6.510000 0.000009
-6.500000 0.000011
-6.490000 0.000008
-6.480000 0.000006
-6.470000 0.000009
-6.460000 0.000012
-6.450000 0.000012
-6.440000 0.000010
-6.430000 0.000010
-6.420000 0.000011
-6.410000 0.000010
-6.400000 0.000007
-6.390000 0.000016
-6.380000 0.000011
-6.370000 0.000013
-6.360000 0.000015
-6.350000 0.000017
-6.340000 0.000014
-6.330000 0.000014
-6.320000 0.000010
-6.310000 0.000021
-6.300000 0.000009
-6.290000 0.000010
-6.280000 0.000018
-6.270000 0.000008
-6.260000 0.000011
-6.250000 0.000014
-6.240000 0.000022
-6.230000 0.000017
-6.220000 0.000018
-6.210000 0.000015
-6.200000 0.000015
-6.190000 0.000017
-6.180000 0.000020
-6.170000 0.000015
-6.160000 0.000017
-6.150000 0.000019
-6.140000 0.000017
-6.130000 0.000018
-6.120000 0.000016
-6.110000 0.000016
-6.100000 0.000013
-6.090000 0.000018
-6.080000 0.000020
-6.070000 0.000017
-6.060000 0.000017
-6.050000 0.000016
-6.040000 0.000021
-6.030000 0.000018
-6.020000 0.000015
-6.010000 0.000022
-6.000000 0.000022
-5.990000 0.000020
-5.980000 0.000017
-5.970000 0.000025
-5.960000 0.000036
-5.950000 0.000024
-5.940000 0.000021
-5.930000 0.000027
-5.920000 0.000029
-5.910000 0.000026
-5.900000 0.000036
-5.890000 0.000028
-5.880000 0.000038
-5.870000 0.000022
-5.860000 0.000027
-5.850000 0.000035
-5.840000 0.000020
-5.830000 0.000016
-5.820000 0.000035
-5.810000 0.000031
-5.800000 0.000036
-5.790000 0.000039
-5.780000 0.000019
-5.770000 0.000022
-5.760000 0.000036
-5.750000 0.000032
-5.740000 0.000035
-5.730000 0.000044
-5.720000 0.000029
-5.710000 0.000034
-5.700000 0.000031
-5.690000 0.000034
-5.680000 0.000034
-5.670000 0.000037
-5.660000 0.000039
-5.650000 0.000041
-5.640000 0.000039
-5.630000 0.000042
-5.620000 0.000035
-5.610000 0.000045
-5.600000 0.000038
-5.590000 0.000034
-5.580000 0.000041
-5.570000 0.000042
-5.560000 0.000045
-5.550000 0.000047
-5.540000 0.000046
-5.530000 0.000037
-5.520000 0.000056
-5.510000 0.000033
-5.500000 0.000050
-5.490000 0.000056
-5.480000 0.000045
-5.470000 0.000043
-5.460000 0.000057
-5.450000 0.000037
-5.440000 0.000049
-5.430000 0.000055
-5.420000 0.000053
-5.410000 0.000044
-5.400000 0.000045
-5.390000 0.000038
-5.380000 0.000056
-5.370000 0.000048
-5.360000 0.000054
-5.350000 0.000051
-5.340000 0.000060
-5.330000 0.000054
-5.320000 0.000059
-5.310000 0.000055
-5.300000 0.000056
-5.290000 0.000055
-5.280000 0.000051
-5.270000 0.000071
-5.260000 0.000068
-5.250000 0.000061
-5.240000 0.000070
-5.230000 0.000060
-5.220000 0.000061
-5.210000 0.000062
-5.200000 0.000071
-5.190000 0.000076
-5.180000 0.000069
-5.170000 0.000068
-5.160000 0.000069
-5.150000 0.000067
-5.140000 0.000078
-5.130000 0.000063
-5.120000 0.000069
-5.110000 0.000074
-5.100000 0.000088
-5.090000 0.000080
-5.080000 0.000078
-5.070000 0.000082
-5.060000 0.000081
-5.050000 0.000067
-5.040000 0.000094
-5.030000 0.000092
-5.020000 0.000077
-5.010000 0.000091
-5.000000 0.000081
-4.990000 0.000085
-4.980000 0.000078
-4.970000 0.000101
-4.960000 0.000073
-4.950000 0.000095
-4.940000 0.000084
-4.930000 0.000094
-4.920000 0.000103
-4.910000 0.000103
-4.900000 0.000097
-4.890000 0.000119
-4.880000 0.000095
-4.870000 0.000101
-4.860000 0.000117
-4.850000 0.000116
-4.840000 0.000099
-4.830000 0.000095
-4.820000 0.000104
-4.810000 0.000107
-4.800000 0.000113
-4.790000 0.000128
-4.780000 0.000114
-4.770000 0.000113
-4.760000 0.000153
-4.750000 0.000130
-4.740000 0.000116
-4.730000 0.000126
-4.720000 0.000131
-4.710000 0.000113
-4.700000 0.000126
-4.690000 0.000128
-4.680000 0.000133
-4.670000 0.000134
-4.660000 0.000148
-4.650000 0.000130
-4.640000 0.000152
-4.630000 0.000140
-4.620000 0.000147
-4.610000 0.000143
-4.600000 0.000131
-4.590000 0.000144
-4.580000 0.000130
-4.570000 0.000160
-4.560000 0.000145
-4.550000 0.000157
-4.540000 0.000143
-4.530000 0.000149
-4.520000 0.000173
-4.510000 0.000152
-4.500000 0.000156
-4.490000 0.000162
-4.480000 0.000185
-4.470000 0.000173
-4.460000 0.000166
-4.450000 0.000173
-4.440000 0.000192
-4.430000 0.000166
-4.420000 0.000170
-4.410000 0.000158
-4.400000 0.000170
-4.390000 0.000174
-4.380000 0.000197
-4.370000 0.000198
-4.360000 0.000197
-4.350000 0.000176
-4.340000 0.000196
-4.330000 0.000205
-4.320000 0.000190
-4.310000 0.000204
-4.300000 0.000232
-4.290000 0.000197
-4.280000 0.000199
-4.270000 0.000205
-4.260000 0.000190
-4.250000 0.000204
-4.240000 0.000213
-4.230000 0.000223
-4.220000 0.000225
-4.210000 0.000219
-4.200000 0.000219
-4.190000 0.000223
-4.180000 0.000232
-4.170000 0.000213
-4.160000 0.000214
-4.150000 0.000236
-4.140000 0.000252
-4.130000 0.000238
-4.120000 0.000217
-4.110000 0.000218
-4.100000 0.000213
-4.090000 0.000255
-4.080000 0.000245
-4.070000 0.000252
-4.060000 0.000259
-4.050000 0.000268
-4.040000 0.000261
-4.030000 0.000258
-4.020000 0.000285
-4.010000 0.000272
-4.000000 0.000264
-3.990000 0.000273
-3.980000 0.000304
-3.970000 0.000268
-3.960000 0.000269
-3.950000 0.000276
-3.940000 0.000291
-3.930000 0.000287
-3.920000 0.000300
-3.910000 0.000314
-3.900000 0.000280
-3.890000 0.000284
-3.880000 0.000286
-3.870000 0.000302
-3.860000 0.000304
-3.850000 0.000344
-3.840000 0.000299
-3.830000 0.000335
-3.820000 0.000315
-3.810000 0.000296
-3.800000 0.000321
-3.790000 0.000348
-3.780000 0.000321
-3.770000 0.000334
-3.760000 0.000338
-3.750000 0.000347
-3.740000 0.000325
-3.730000 0.000353
-3.720000 0.000371
-3.710000 0.000341
-3.700000 0.000354
-3.690000 0.000379
-3.680000 0.000384
-3.670000 0.000380
-3.660000 0.000425
-3.650000 0.000373
-3.640000 0.000378
-3.630000 0.000390
-3.620000 0.000379
-3.610000 0.000399
-3.600000 0.000366
-3.590000 0.000398
-3.580000 0.000407
-3.570000 0.000354
-3.560000 0.000421
-3.550000 0.000421
-3.540000 0.000430
-3.530000 0.000435
-3.520000 0.000398
-3.510000 0.000428
-3.500000 0.000411
-3.490000 0.000446
-3.480000 0.000443
-3.470000 0.000465
-3.460000 0.000430
-3.450000 0.000443
-3.440000 0.000471
-3.430000 0.000473
-3.420000 0.000453
-3.410000 0.000491
-3.400000 0.000456
-3.390000 0.000470
-3.380000 0.000531
-3.370000 0.000489
-3.360000 0.000516
-3.350000 0.000503
-3.340000 0.000484
-3.330000 0.000479
-3.320000 0.000509
-3.310000 0.000527
-3.300000 0.000536
-3.290000 0.000507
-3.280000 0.000508
-3.270000 0.000537
-3.260000 0.000504
-3.250000 0.000530
-3.240000 0.000501
-3.230000 0.000511
-3.220000 0.000545
-3.210000 0.000508
-3.200000 0.000587
-3.190000 0.000529
-3.180000 0.000550
-3.170000 0.000584
-3.160000 0.000555
-3.150000 0.000591
-3.140000 0.000523
-3.130000 0.000566
-3.120000 0.000596
-3.110000 0.000581
-3.100000 0.000607
-3.090000 0.000588
-3.080000 0.000612
-3.070000 0.000651
-3.060000 0.000676
-3.050000 0.000621
-3.040000 0.000646
-3.030000 0.000610
-3.020000 0.000610
-3.010000 0.000682
-3.000000 0.000669
-2.990000 0.000674
-2.980000 0.000686
-2.970000 0.000643
-2.960000 0.000658
-2.950000 0.000680
-2.940000 0.000659
-2.930000 0.000690
-2.920000 0.000690
-2.910000 0.000711
-2.900000 0.000658
-2.890000 0.000738
-2.880000 0.000716
-2.870000 0.000691
-2.860000 0.000706
-2.850000 0.000704
-2.840000 0.000698
-2.830000 0.000774
-2.820000 0.000718
-2.810000 0.000758
-2.800000 0.000735
-2.790000 0.000754
-2.780000 0.000764
-2.770000 0.000744
-2.760000 0.000815
-2.750000 0.000828
-2.740000 0.000749
-2.730000 0.000752
-2.720000 0.000787
-2.710000 0.000796
-2.700000 0.000803
-2.690000 0.000791
-2.680000 0.000818
-2.670000 0.000813
-2.660000 0.000831
-2.650000 0.000843
-2.640000 0.000874
-2.630000 0.000860
-2.620000 0.000810
-2.610000 0.000824
-2.600000 0.000835
-2.590000 0.000864
-2.580000 0.000889
-2.570000 0.000919
-2.560000 0.000897
-2.550000 0.000830
-2.540000 0.000895
-2.530000 0.000899
-2.520000 0.000891
-2.510000 0.000929
-2.500000 0.000926
-2.490000 0.000859
-2.480000 0.000898
-2.470000 0.000977
-2.460000 0.000983
-2.450000 0.000933
-2.440000 0.000956
-2.430000 0.000997
-2.420000 0.000949
-2.410000 0.000961
-2.400000 0.000972
-2.390000 0.000952
-2.380000 0.001017
-2.370000 0.000992
-2.360000 0.000968
-2.350000 0.000976
-2.340000 0.000990
-2.330000 0.000942
-2.320000 0.001006
-2.310000 0.001027
-2.300000 0.001072
-2.290000 0.001044
-2.280000 0.001044
-2.270000 0.001052
-2.260000 0.001095
-2.250000 0.001086
-2.240000 0.001080
-2.230000 0.001037
-2.220000 0.001096
-2.210000 0.001100
-2.200000 0.001061
-2.190000 0.001092
-2.180000 0.001054
-2.170000 0.001095
-2.160000 0.001145
-2.150000 0.001067
-2.140000 0.001130
-2.130000 0.001134
-2.120000 0.001167
-2.110000 0.001176
-2.100000 0.001097
-2.090000 0.001171
-2.080000 0.001145
-2.070000 0.001138
-2.060000 0.001166
-2.050000 0.001182
-2.040000 0.001202
-2.030000 0.001170
-2.020000 0.001214
-2.010000 0.001158
-2.000000 0.001203
-1.990000 0.001231
-1.980000 0.001192
-1.970000 0.001231
-1.960000 0.001205
-1.950000 0.001237
-1.940000 0.001262
-1.930000 0.001232
-1.920000 0.001289
-1.910000 0.001245
-1.900000 0.001284
-1.890000 0.001196
-1.880000 0.001312
-1.870000 0.001273
-1.860000 0.001298
-1.850000 0.001315
-1.840000 0.001312
-1.830000 0.001315
-1.820000 0.001352
-1.810000 0.001333
-1.800000 0.001359
-1.790000 0.001263
-1.780000 0.001336
-1.770000 0.001301
-1.760000 0.001393
-1.750000 0.001457
-1.740000 0.001357
-1.730000 0.001391
-1.720000 0.001379
-1.710000 0.001360
-1.700000 0.001444
-1.690000 0.001419
-1.680000 0.001307
-1.670000 0.001406
-1.660000 0.001431
-1.650000 0.001408
-1.640000 0.001432
-1.630000 0.001380
-1.620000 0.001425
-1.610000 0.001451
-1.600000 0.001449
-1.590000 0.001455
-1.580000 0.001492
-1.570000 0.001536
-1.560000 0.001437
-1.550000 0.001538
-1.540000 0.001492
-1.530000 0.001454
-1.520000 0.001475
-1.510000 0.001501
-1.500000 0.001488
-1.490000 0.001545
-1.480000 0.001515
-1.470000 0.001487
-1.460000 0.001565
-1.450000 0.001591
-1.440000 0.001521
-1.430000 0.001531
-1.420000 0.001490
-1.410000 0.001511
-1.400000 0.001532
-1.390000 0.001619
-1.380000 0.001499
-1.370000 0.001612
-1.360000 0.001578
-1.350000 0.001601
-1.340000 0.001613
-1.330000 0.001546
-1.320000 0.001517
-1.310000 0.001595
-1.300000 0.001605
-1.290000 0.001627
-1.280000 0.001580
-1.270000 0.001570
-1.260000 0.001669
-1.250000 0.001707
-1.240000 0.001706
-1.230000 0.001631
-1.220000 0.001623
-1.210000 0.001618
-1.200000 0.001652
-1.190000 0.001666
-1.180000 0.001681
-1.170000 0.001686
-1.160000 0.001709
-1.150000 0.001713
-1.140000 0.001667
-1.130000 0.001710
-1.120000 0.001720
-1.110000 0.001679
-1.100000 0.001722
-1.090000 0.001718
-1.080000 0.001657
-1.070000 0.001690
-1.060000 0.001649
-1.050000 0.001749
-1.040000 0.001732
-1.030000 0.001728
-1.020000 0.001720
-1.010000 0.001750
-1.000000 0.001746
-0.990000 0.001784
-0.980000 0.001728
-0.970000 0.001805
-0.960000 0.001747
-0.950000 0.001775
-0.940000 0.001787
-0.930000 0.001780
-0.920000 0.001859
-0.910000 0.001802
-0.900000 0.001777
-0.890000 0.001808
-0.880000 0.001820
-0.870000 0.001768
-0.860000 0.001787
-0.850000 0.001795
-0.840000 0.001803
-0.830000 0.001843
-0.820000 0.001865
-0.810000 0.001842
-0.800000 0.001836
-0.790000 0.001852
-0.780000 0.001846
-0.770000 0.001803
-0.760000 0.001822
-0.750000 0.001882
-0.740000 0.001860
-0.730000 0.001815
-0.720000 0.001897
-0.710000 0.001851
-0.700000 0.001868
-0.690000 0.001860
-0.680000 0.001861
-0.670000 0.001881
-0.660000 0.001844
-0.650000 0.001879
-0.640000 0.001868
-0.630000 0.001942
-0.620000 0.001954
-0.610000 0.001901
-0.600000 0.001873
-0.590000 0.001949
-0.580000 0.001891
-0.570000 0.001783
-0.560000 0.001894
-0.550000 0.001941
-0.540000 0.001946
-0.530000 0.001973
-0.520000 0.001904
-0.510000 0.001949
-0.500000 0.001949
-0.490000 0.001870
-0.480000 0.001988
-0.470000 0.001901
-0.460000 0.001898
-0.450000 0.001975
-0.440000 0.002025
-0.430000 0.001948
-0.420000 0.001992
-0.410000 0.002014
-0.400000 0.001978
-0.390000 0.001859
-0.380000 0.001943
-0.370000 0.001939
-0.360000 0.001980
-0.350000 0.002036
-0.340000 0.001969
-0.330000 0.001966
-0.320000 0.001972
-0.310000 0.001917
-0.300000 0.001944
-0.290000 0.001960
-0.280000 0.001945
-0.270000 0.001978
-0.260000 0.001928
-0.250000 0.001963
-0.240000 0.002077
-0.230000 0.002005
-0.220000 0.001956
-0.210000 0.001964
-0.200000 0.002027
-0.190000 0.001981
-0.180000 0.002011
-0.170000 0.001955
-0.160000 0.001958
-0.150000 0.001938
-0.140000 0.001980
-0.130000 0.002008
-0.120000 0.002099
-0.110000 0.001986
-0.100000 0.002033
-0.090000 0.001964
-0.080000 0.002078
-0.070000 0.001935
-0.060000 0.001994
-0.050000 0.001949
-0.040000 0.001998
-0.030000 0.001991
-0.020000 0.002050
-0.010000 0.001977
0.000000 0.002053
0.010000 0.001935
0.020000 0.001991
0.030000 0.001929
0.040000 0.002030
0.050000 0.001985
0.060000 0.002063
0.070000 0.001996
0.080000 0.001951
0.090000 0.002003
0.100000 0.002010
0.110000 0.002006
0.120000 0.001997
0.130000 0.001907
0.140000 0.001966
0.150000 0.001964
0.160000 0.002027
0.170000 0.002006
0.180000 0.001993
0.190000 0.002056
0.200000 0.001997
0.210000 0.001991
0.220000 0.001949
0.230000 0.001953
0.240000 0.002020
0.250000 0.002013
0.260000 0.001942
0.270000 0.001944
0.280000 0.001928
0.290000 0.001996
0.300000 0.001991
0.310000 0.001961
0.320000 0.001917
0.330000 0.002025
0.340000 0.001995
0.350000 0.001969
0.360000 0.001976
0.370000 0.002026
0.380000 0.001978
0.390000 0.001892
0.400000 0.001994
0.410000 0.001923
0.420000 0.001963
0.430000 0.001900
0.440000 0.001942
0.450000 0.001907
0.460000 0.001969
0.470000 0.001926
0.480000 0.001881
0.490000 0.001984
0.500000 0.002009
0.510000 0.001972
0.520000 0.002015
0.530000 0.001993
0.540000 0.001934
0.550000 0.001926
0.560000 0.001950
0.570000 0.001970
0.580000 0.001971
0.590000 0.001778
0.600000 0.001974
0.610000 0.001913
0.620000 0.001888
0.630000 0.001867
0.640000 0.001886
0.650000 0.001838
0.660000 0.001970
0.670000 0.001926
0.680000 0.001886
0.690000 0.001904
0.700000 0.001843
0.710000 0.001887
0.720000 0.001850
0.730000 0.001841
0.740000 0.001820
0.750000 0.001836
0.760000 0.001854
0.770000 0.001855
0.780000 0.001859
0.790000 0.001777
0.800000 0.001863
0.810000 0.001880
0.820000 0.001797
0.830000 0.001784
0.840000 0.001831
0.850000 0.001829
0.860000 0.001818
0.870000 0.001815
0.880000 0.001810
0.890000 0.001818
0.900000 0.001707
0.910000 0.001892
0.920000 0.001782
0.930000 0.001773
0.940000 0.001770
0.950000 0.001803
0.960000 0.001842
0.970000 0.001838
0.980000 0.001756
0.990000 0.001792
1.000000 0.001776
1.010000 0.001786
1.020000 0.001753
1.030000 0.001746
1.040000 0.001680
1.050000 0.001756
1.060000 0.001753
1.070000 0.001755
1.080000 0.001751
1.090000 0.001740
1.100000 0.001709
1.110000 0.001698
1.120000 0.001688
1.130000 0.001744
1.140000 0.001738
1.150000 0.001672
1.160000 0.001632
1.170000 0.001669
1.180000 0.001581
1.190000 0.001757
1.200000 0.001752
1.210000 0.001726
1.220000 0.001624
1.230000 0.001700
1.240000 0.001664
1.250000 0.001670
1.260000 0.001682
1.270000 0.001628
1.280000 0.001606
1.290000 0.001596
1.300000 0.001585
1.310000 0.001594
1.320000 0.001655
1.330000 0.001623
1.340000 0.001588
1.350000 0.001600
1.360000 0.001556
1.370000 0.001611
1.380000 0.001535
1.390000 0.001552
1.400000 0.001556
1.410000 0.001554
1.420000 0.001580
1.430000 0.001429
1.440000 0.001527
1.450000 0.001560
1.460000 0.001512
1.470000 0.001579
1.480000 0.001516
1.490000 0.001524
1.500000 0.001546
1.510000 0.001460
1.520000 0.001577
1.530000 0.001482
1.540000 0.001420
1.550000 0.001525
1.560000 0.001453
1.570000 0.001453
1.580000 0.001446
1.590000 0.001436
1.600000 0.001517
1.610000 0.001409
1.620000 0.001458
1.630000 0.001379
1.640000 0.001413
1.650000 0.001405
1.660000 0.001398
1.670000 0.001415
1.680000 0.001431
1.690000 0.001369
1.700000 0.001374
1.710000 0.001352
1.720000 0.001380
1.730000 0.001399
1.740000 0.001376
1.750000 0.001401
1.760000 0.001365
1.770000 0.001379
1.780000 0.001391
1.790000 0.001394
1.800000 0.001317
1.810000 0.001311
1.820000 0.001274
1.830000 0.001301
1.840000 0.001298
1.850000 0.001270
1.860000 0.001290
1.870000 0.001313
1.880000 0.001259
1.890000 0.001259
1.900000 0.001272
1.910000 0.001284
1.920000 0.001272
1.930000 0.001308
1.940000 0.001274
1.950000 0.001261
1.960000 0.001196
1.970000 0.001220
1.980000 0.001252
1.990000 0.001130
2.000000 0.001252
2.010000 0.001209
2.020000 0.001221
2.030000 0.001179
2.040000 0.001167
2.050000 0.001133
2.060000 0.001175
2.070000 0.001171
2.080000 0.001155
2.090000 0.001169
2.100000 0.001108
2.110000 0.001132
2.120000 0.001098
2.130000 0.001147
2.140000 0.001129
2.150000 0.001113
2.160000 0.001138
2.170000 0.001154
2.180000 0.001082
2.190000 0.001097
2.200000 0.001094
2.210000 0.001062
2.220000 0.001041
2.230000 0.001079
2.240000 0.001107
2.250000 0.001082
2.260000 0.001058
2.270000 0.001038
2.280000 0.001105
2.290000 0.001001
2.300000 0.001010
2.310000 0.001057
2.320000 0.000975
2.330000 0.000977
2.340000 0.000987
2.350000 0.001040
2.360000 0.001021
2.370000 0.000997
2.380000 0.001003
2.390000 0.000971
2.400000 0.000991
2.410000 0.000922
2.420000 0.000879
2.430000 0.000973
2.440000 0.000942
2.450000 0.001006
2.460000 0.000940
2.470000 0.000974
2.480000 0.000912
2.490000 0.000900
2.500000 0.000911
2.510000 0.000858
2.520000 0.000901
2.530000 0.000922
2.540000 0.000883
2.550000 0.000898
2.560000 0.000815
2.570000 0.000875
2.580000 0.000874
2.590000 0.000895
2.600000 0.000836
2.610000 0.000816
2.620000 0.000847
2.630000 0.000857
2.640000 0.000822
2.650000 0.000868
2.660000 0.000869
2.670000 0.000834
2.680000 0.000811
2.690000 0.000857
2.700000 0.000790
2.710000 0.000806
2.720000 0.000774
2.730000 0.000784
2.740000 0.000815
2.750000 0.000767
2.760000 0.000787
2.770000 0.000732
2.780000 0.000732
2.790000 0.000773
2.800000 0.000814
2.810000 0.000700
2.820000 0.000703
2.830000 0.000723
2.840000 0.000686
2.850000 0.000720
2.860000 0.000682
2.870000 0.000674
2.880000 0.000724
2.890000 0.000686
2.900000 0.000684
2.910000 0.000712
2.920000 0.000700
2.930000 0.000698
2.940000 0.000707
2.950000 0.000646
2.960000 0.000670
2.970000 0.000628
2.980000 0.000638
2.990000 0.000664
3.000000 0.000674
3.010000 0.000662
3.020000 0.000645
3.030000 0.000606
3.040000 0.000640
3.050000 0.000620
3.060000 0.000612
3.070000 0.000606
3.080000 0.000639
3.090000 0.000664
3.100000 0.000616
3.110000 0.000606
3.120000 0.000598
3.130000 0.000628
3.140000 0.000548
3.150000 0.000607
3.160000 0.000562
3.170000 0.000576
3.180000 0.000564
3.190000 0.000536
3.200000 0.000540
3.210000 0.000520
3.220000 0.000552
3.230000 0.000546
3.240000 0.000508
3.250000 0.000523
3.260000 0.000516
3.270000 0.000527
3.280000 0.000527
3.290000 0.000521
3.300000 0.000527
3.310000 0.000522
3.320000 0.000478
3.330000 0.000487
3.340000 0.000478
3.350000 0.000517
3.360000 0.000515
3.370000 0.000490
3.380000 0.000451
3.390000 0.000441
3.400000 0.000531
3.410000 0.000472
3.420000 0.000470
3.430000 0.000452
3.440000 0.000457
3.450000 0.000494
3.460000 0.000465
3.470000 0.000449
3.480000 0.000455
3.490000 0.000425
3.500000 0.000419
3.510000 0.000417
3.520000 0.000447
3.530000 0.000396
3.540000 0.000416
3.550000 0.000446
3.560000 0.000431
3.570000 0.000411
3.580000 0.000410
3.590000 0.000423
3.600000 0.000408
3.610000 0.000409
3.620000 0.000410
3.630000 0.000373
3.640000 0.000373
3.650000 0.000395
3.660000 0.000313
3.670000 0.000382
3.680000 0.000356
3.690000 0.000348
3.700000 0.000358
3.710000 0.000313
3.720000 0.000351
3.730000 0.000349
3.740000 0.000344
3.750000 0.000356
3.760000 0.000343
3.770000 0.000338
3.780000 0.000305
3.790000 0.000346
3.800000 0.000321
3.810000 0.000344
3.820000 0.000337
3.830000 0.000297
3.840000 0.000298
3.850000 0.000346
3.860000 0.000297
3.870000 0.000320
3.880000 0.000284
3.890000 0.000298
3.900000 0.000304
3.910000 0.000305
3.920000 0.000303
3.930000 0.000301
3.940000 0.000272
3.950000 0.000281
3.960000 0.000277
3.970000 0.000298
3.980000 0.000303
3.990000 0.000252
4.000000 0.000255
4.010000 0.000248
4.020000 0.000269
4.030000 0.000248
4.040000 0.000255
4.050000 0.000275
4.060000 0.000269
4.070000 0.000246
4.080000 0.000268
4.090000 0.000212
4.100000 0.000229
4.110000 0.000242
4.120000 0.000246
4.130000 0.000227
4.140000 0.000242
4.150000 0.000241
4.160000 0.000243
4.170000 0.000227
4.180000 0.000223
4.190000 0.000201
4.200000 0.000216
4.210000 0.000225
4.220000 0.000207
4.230000 0.000210
4.240000 0.000207
4.250000 0.000211
4.260000 0.000220
4.270000 0.000211
4.280000 0.000178
4.290000 0.000213
4.300000 0.000191
4.310000 0.000208
4.320000 0.000203
4.330000 0.000201
4.340000 0.000205
4.350000 0.000186
4.360000 0.000201
4.370000 0.000174
4.380000 0.000154
4.390000 0.000157
4.400000 0.000181
4.410000 0.000177
4.420000 0.000149
4.430000 0.000162
4.440000 0.000181
4.450000 0.000164
4.460000 0.000154
4.470000 0.000150
4.480000 0.000150
4.490000 0.000178
4.500000 0.000161
4.510000 0.000152
4.520000 0.000164
4.530000 0.000143
4.540000 0.000176
4.550000 0.000143
4.560000 0.000143
4.570000 0.000146
4.580000 0.000121
4.590000 0.000146
4.600000 0.000128
4.610000 0.000135
4.620000 0.000141
4.630000 0.000149
4.640000 0.000145
4.650000 0.000135
4.660000 0.000143
4.670000 0.000132
4.680000 0.000129
4.690000 0.000155
4.700000 0.000116
4.710000 0.000135
4.720000 0.000140
4.730000 0.000116
4.740000 0.000141
4.750000 0.000116
4.760000 0.000118
4.770000 0.000124
4.780000 0.000112
4.790000 0.000114
4.800000 0.000098
4.810000 0.000091
4.820000 0.000110
4.830000 0.000114
4.840000 0.000108
4.850000 0.000113
4.860000 0.000101
4.870000 0.000079
4.880000 0.000084
4.890000 0.000085
4.900000 0.000104
4.910000 0.000097
4.920000 0.000094
4.930000 0.000096
4.940000 0.000090
4.950000 0.000076
4.960000 0.000086
4.970000 0.000074
4.980000 0.000089
4.990000 0.000089
5.000000 0.000084
5.010000 0.000080
5.020000 0.000073
5.030000 0.000089
5.040000 0.000080
5.050000 0.000095
5.060000 0.000077
5.070000 0.000087
5.080000 0.000088
5.090000 0.000089
5.100000 0.000077
5.110000 0.000082
5.120000 0.000072
5.130000 0.000057
5.140000 0.000075
5.150000 0.000077
5.160000 0.000072
5.170000 0.000063
5.180000 0.000074
5.190000 0.000069
5.200000 0.000069
5.210000 0.000062
5.220000 0.000053
5.230000 0.000061
5.240000 0.000064
5.250000 0.000070
5.260000 0.000057
5.270000 0.000059
5.280000 0.000059
5.290000 0.000062
5.300000 0.000053
5.310000 0.000061
5.320000 0.000049
5.330000 0.000059
5.340000 0.000057
5.350000 0.000070
5.360000 0.000042
5.370000 0.000053
5.380000 0.000061
5.390000 0.000057
5.400000 0.000051
5.410000 0.000058
5.420000 0.000055
5.430000 0.000045
5.440000 0.000051
5.450000 0.000041
5.460000 0.000050
5.470000 0.000037
5.480000 0.000038
5.490000 0.000043
5.500000 0.000042
5.510000 0.000051
5.520000 0.000049
5.530000 0.000036
5.540000 0.000049
5.550000 0.000056
5.560000 0.000042
5.570000 0.000043
5.580000 0.000043
5.590000 0.000046
5.600000 0.000035
5.610000 0.000032
5.620000 0.000035
5.630000 0.000040
5.640000 0.000032
5.650000 0.000036
5.660000 0.000030
5.670000 0.000039
5.680000 0.000046
5.690000 0.000027
5.700000 0.000040
5.710000 0.000032
5.720000 0.000030
5.730000 0.000038
5.740000 0.000029
5.750000 0.000034
5.760000 0.000029
5.770000 0.000046
5.780000 0.000019
5.790000 0.000024
5.800000 0.000036
5.810000 0.000024
5.820000 0.000030
5.830000 0.000025
5.840000 0.000033
5.850000 0.000026
5.860000 0.000032
5.870000 0.000037
5.880000 0.000033
5.890000 0.000020
5.900000 0.000024
5.910000 0.000029
5.920000 0.000028
5.930000 0.000019
5.940000 0.000032
5.950000 0.000025
5.960000 0.000025
5.970000 0.000023
5.980000 0.000019
5.990000 0.000022
6.000000 0.000018
6.010000 0.000020
6.020000 0.000017
6.030000 0.000030
6.040000 0.000021
6.050000 0.000016
6.060000 0.000021
6.070000 0.000019
6.080000 0.000025
6.090000 0.000037
6.100000 0.000018
6.110000 0.000017
6.120000 0.000015
6.130000 0.000015
6.140000 0.000018
6.150000 0.000019
6.160000 0.000015
6.170000 0.000014
6.180000 0.000014
6.190000 0.000010
6.200000 0.000017
6.210000 0.000013
6.220000 0.000021
6.230000 0.000024
6.240000 0.000013
6.250000 0.000014
6.260000 0.000016
6.270000 0.000016
6.280000 0.000016
6.290000 0.000019
6.300000 0.000016
6.310000 0.000016
6.320000 0.000013
6.330000 0.000013
6.340000 0.000010
6.350000 0.000010
6.360000 0.000007
6.370000 0.000020
6.380000 0.000014
6.390000 0.000011
6.400000 0.000015
6.410000 0.000006
6.420000 0.000010
6.430000 0.000010
6.440000 0.000010
6.450000 0.000014
6.460000 0.000008
6.470000 0.000008
6.480000 0.000007
6.490000 0.000011
6.500000 0.000018
6.510000 0.000006
6.520000 0.000013
6.530000 0.000011
6.540000 0.000012
6.550000 0.000010
6.560000 0.000006
6.570000 0.000009
6.580000 0.000004
6.590000 0.000014
6.600000 0.000008
6.610000 0.000005
6.620000 0.000007
6.630000 0.000007
6.640000 0.000008
6.650000 0.000016
6.660000 0.000012
6.670000 0.000009
6.680000 0.000007
6.690000 0.000011
6.700000 0.000003
6.710000 0.000010
6.720000 0.000006
6.730000 0.000003
6.740000 0.000009
6.750000 0.000003
6.760000 0.000010
6.770000 0.000003
6.780000 0.000007
6.790000 0.000005
6.800000 0.000006
6.810000 0.000006
6.820000 0.000009
6.830000 0.000009
6.840000 0.000005
6.850000 0.000003
6.860000 0.000006
6.870000 0.000004
6.880000 0.000007
6.890000 0.000003
6.900000 0.000009
6.910000 0.000006
6.920000 0.000002
6.930000 0.000003
6.940000 0.000007
6.950000 0.000005
6.960000 0.000008
6.970000 0.000005
6.980000 0.000004
6.990000 0.000007
7.000000 0.000003
7.010000 0.000008
7.020000 0.000005
7.030000 0.000007
7.040000 0.000003
7.050000 0.000002
7.060000 0.000004
7.070000 0.000006
7.080000 0.000003
7.090000 0.000005
7.100000 0.000003
7.110000 0.000006
7.120000 0.000003
7.130000 0.000001
7.140000 0.000003
7.150000 0.000002
7.160000 0.000002
7.170000 0.000006
7.180000 0.000007
7.190000 0.000002
7.200000 0.000002
7.210000 0.000003
7.220000 0.000001
7.230000 0.000000
7.240000 0.000005
7.250000 0.000002
7.260000 0.000002
7.270000 0.000001
7.280000 0.000003
7.290000 0.000004
7.300000 0.000004
7.310000 0.000001
7.320000 0.000001
7.330000 0.000003
7.340000 0.000003
7.350000 0.000002
7.360000 0.000002
7.370000 0.000001
7.380000 0.000003
7.390000 0.000001
7.400000 0.000002
7.410000 0.000001
7.420000 0.000002
7.430000 0.000002
7.440000 0.000005
7.450000 0.000004
7.460000 0.000006
7.470000 0.000003
7.480000 0.000001
7.490000 0.000001
7.500000 0.000003
7.510000 0.000002
7.520000 0.000002
7.530000 0.000002
7.540000 0.000002
7.550000 0.000002
7.560000 0.000002
7.570000 0.000002
7.580000 0.000005
7.590000 0.000002
7.600000 0.000002
7.610000 0.000001
7.620000 0.000002
7.630000 0.000003
7.640000 0.000001
7.650000 0.000002
7.660000 0.000000
7.670000 0.000003
7.680000 0.000002
7.690000 0.000000
7.700000 0.000001
7.710000 0.000000
7.720000 0.000002
7.730000 0.000000
7.740000 0.000001
7.750000 0.000002
7.760000 0.000001
7.770000 0.000002
7.780000 0.000003
7.790000 0.000000
7.800000 0.000000
7.810000 0.000001
7.820000 0.000001
7.830000 0.000001
7.840000 0.000001
7.850000 0.000000
7.860000 0.000000
7.870000 0.000001
7.880000 0.000002
7.890000 0.000000
7.900000 0.000001
7.910000 0.000002
7.920000 0.000004
7.930000 0.000000
7.940000 0.000001
7.950000 0.000001
7.960000 0.000002
7.970000 0.000001
7.980000 0.000001
7.990000 0.000000
8.000000 0.000000
8.010000 0.000003
8.020000 0.000000
8.030000 0.000000
8.040000 0.000000
8.050000 0.000000
8.060000 0.000001
8.070000 0.000000
8.080000 0.000000
8.090000 0.000000
8.100000 0.000002
8.110000 0.000000
8.120000 0.000002
8.130000 0.000000
8.140000 0.000000
8.150000 0.000000
8.160000 0.000000
8.170000 0.000000
8.180000 0.000000
8.190000 0.000000
8.200000 0.000000
8.210000 0.000000
8.220000 0.000000
8.230000 0.000001
8.240000 0.000000
8.250000 0.000000
8.260000 0.000001
8.270000 0.000000
8.280000 0.000001
8.290000 0.000001
8.300000 0.000000
8.310000 0.000000
8.320000 0.000000
8.330000 0.000001
8.340000 0.000001
8.350000 0.000000
8.360000 0.000000
8.370000 0.000000
8.380000 0.000000
8.390000 0.000001
8.400000 0.000000
8.410000 0.000000
8.420000 0.000000
8.430000 0.000001
8.440000 0.000000
8.450000 0.000000
8.460000 0.000000
8.470000 0.000000
8.480000 0.000001
8.490000 0.000001
8.500000 0.000001
8.510000 0.000001
8.520000 0.000000
8.530000 0.000000
8.540000 0.000000
8.550000 0.000000
8.560000 0.000000
8.570000 0.000001
8.580000 0.000000
8.590000 0.000000
8.600000 0.000000
8.610000 0.000001
8.620000 0.000000
8.630000 0.000000
8.640000 0.000001
8.650000 0.000000
8.660000 0.000000
8.670000 0.000000
8.680000 0.000000
8.690000 0.000001
8.700000 0.000000
8.710000 0.000000
8.720000 0.000000
8.730000 0.000001
8.740000 0.000000
8.750000 0.000001
8.760000 0.000000
8.770000 0.000000
8.780000 0.000001
8.790000 0.000000
8.800000 0.000000
8.810000 0.000001
8.820000 0.000001
8.830000 0.000001
8.840000 0.000000
8.850000 0.000000
8.860000 0.000001
8.870000 0.000000
8.880000 0.000000
8.890000 0.000000
8.900000 0.000000
8.910000 0.000000
8.920000 0.000000
8.930000 0.000000
8.940000 0.000000
8.950000 0.000000
8.960000 0.000000
8.970000 0.000000
8.980000 0.000000
8.990000 0.000000
9.000000 0.000000
9.010000 0.000001
9.020000 0.000000
9.030000 0.000000
9.040000 0.000000
9.050000 0.000000
9.060000 0.000000
9.070000 0.000000
9.080000 0.000001
9.090000 0.000000
9.100000 0.000000
9.110000 0.000000
9.120000 0.000001
9.130000 0.000000
9.140000 0.000000
9.150000 0.000000
9.160000 0.000000
9.170000 0.000000
9.180000 0.000000
9.190000 0.000000
9.200000 0.000000
9.210000 0.000000
9.220000 0.000000
9.230000 0.000000
9.240000 0.000000
9.250000 0.000000
9.260000 0.000000
9.270000 0.000000
9.280000 0.000000
9.290000 0.000000
9.300000 0.000000
9.310000 0.000000
9.320000 0.000000
9.330000 0.000000
9.340000 0.000000
9.350000 0.000000
9.360000 0.000000
9.370000 0.000000
9.380000 0.000000
9.390000 0.000000
9.400000 0.000000
9.410000 0.000000
9.420000 0.000000
9.430000 0.000000
9.440000 0.000000
9.450000 0.000000
9.460000 0.000000
9.470000 0.000000
9.480000 0.000000
9.490000 0.000000
9.500000 0.000000
9.510000 0.000000
9.520000 0.000000
9.530000 0.000000
9.540000 0.000000
9.550000 0.000000
9.560000 0.000000
9.570000 0.000000
9.580000 0.000000
9.590000 0.000000
9.600000 0.000000
9.610000 0.000000
9.620000 0.000000
9.630000 0.000000
9.640000 0.000000
9.650000 0.000000
9.660000 0.000000
9.670000 0.000000
9.680000 0.000000
9.690000 0.000000
9.700000 0.000000
9.710000 0.000000
9.720000 0.000000
9.730000 0.000000
9.740000 0.000000
9.750000 0.000000
9.760000 0.000000
9.770000 0.000000
9.780000 0.000000
9.790000 0.000000
9.800000 0.000000
9.810000 0.000000
9.820000 0.000000
9.830000 0.000000
9.840000 0.000000
9.850000 0.000000
9.860000 0.000000
9.870000 0.000000
9.880000 0.000000
9.890000 0.000000
9.900000 0.000000
9.910000 0.000000
9.920000 0.000000
9.930000 0.000000
9.940000 0.000000
9.950000 0.000000
9.960000 0.000000
9.970000 0.000000
9.980000 0.000000
9.990000 0.000000
10.000000 0.000000
